// D20Spinner.jsx — real 3D icosahedron, pure JSX+CSS, no deps
// Faces baked from actual icosahedron geometry (edge-verified)
const FACES = [
  { t: 'matrix3d(-0.4671,-0.866,0.1784,0,0.809,-0.5,-0.309,0,0.3568,0,0.9342,0,14.023,0,36.7126,1)', p: '80.02,50 34.99,24 34.99,76' },
  { t: 'matrix3d(0.4671,-0.866,0.1784,0,0.809,0.5,0.309,0,-0.3568,0,0.9342,0,-14.023,0,36.7126,1)', p: '80.02,50 34.99,76 34.99,24' },
  { t: 'matrix3d(0,0.3568,0.9342,0,-1,0,0,0,0,-0.9342,0.3568,0,0,-36.7126,14.023,1)', p: '80.02,50 34.99,24 34.99,76' },
  { t: 'matrix3d(-0.7558,-0.1103,0.6455,0,-0.309,-0.809,-0.5,0,0.5774,-0.5774,0.5774,0,22.6896,-22.6896,22.6896,1)', p: '80.02,50 34.99,76 34.99,24' },
  { t: 'matrix3d(0.7558,-0.1103,0.6455,0,-0.309,0.809,0.5,0,-0.5774,-0.5774,0.5774,0,-22.6896,-22.6896,22.6896,1)', p: '80.02,50 34.99,24 34.99,76' },
  { t: 'matrix3d(0,-0.3568,0.9342,0,1,0,0,0,0,0.9342,0.3568,0,0,36.7126,14.023,1)', p: '80.02,50 34.99,76 34.99,24' },
  { t: 'matrix3d(-0.7558,0.1103,0.6455,0,0.309,-0.809,0.5,0,0.5774,0.5774,0.5774,0,22.6896,22.6896,22.6896,1)', p: '80.02,50 34.99,24 34.99,76' },
  { t: 'matrix3d(0.7558,0.1103,0.6455,0,0.309,0.809,-0.5,0,-0.5774,0.5774,0.5774,0,-22.6896,22.6896,22.6896,1)', p: '80.02,50 34.99,76 34.99,24' },
  { t: 'matrix3d(-0.4671,-0.866,-0.1784,0,-0.809,0.5,-0.309,0,0.3568,0,-0.9342,0,14.023,0,-36.7126,1)', p: '80.02,50 34.99,76 34.99,24' },
  { t: 'matrix3d(0.4671,-0.866,-0.1784,0,-0.809,-0.5,0.309,0,-0.3568,0,-0.9342,0,-14.023,0,-36.7126,1)', p: '80.02,50 34.99,24 34.99,76' },
  { t: 'matrix3d(0,0.3568,-0.9342,0,1,0,0,0,0,-0.9342,-0.3568,0,0,-36.7126,-14.023,1)', p: '80.02,50 34.99,76 34.99,24' },
  { t: 'matrix3d(-0.7558,-0.1103,-0.6455,0,0.309,0.809,-0.5,0,0.5774,-0.5774,-0.5774,0,22.6896,-22.6896,-22.6896,1)', p: '80.02,50 34.99,24 34.99,76' },
  { t: 'matrix3d(0.7558,-0.1103,-0.6455,0,0.309,-0.809,0.5,0,-0.5774,-0.5774,-0.5774,0,-22.6896,-22.6896,-22.6896,1)', p: '80.02,50 34.99,76 34.99,24' },
  { t: 'matrix3d(0,-0.3568,-0.9342,0,-1,0,0,0,0,0.9342,-0.3568,0,0,36.7126,-14.023,1)', p: '80.02,50 34.99,24 34.99,76' },
  { t: 'matrix3d(-0.7558,0.1103,-0.6455,0,-0.309,0.809,0.5,0,0.5774,0.5774,-0.5774,0,22.6896,22.6896,-22.6896,1)', p: '80.02,50 34.99,76 34.99,24' },
  { t: 'matrix3d(0.7558,0.1103,-0.6455,0,-0.309,-0.809,-0.5,0,-0.5774,0.5774,-0.5774,0,-22.6896,22.6896,-22.6896,1)', p: '80.02,50 34.99,24 34.99,76' },
  { t: 'matrix3d(-0.3568,-0.9342,0,0,0,0,-1,0,0.9342,-0.3568,0,0,36.7126,-14.023,0,1)', p: '80.02,50 34.99,24 34.99,76' },
  { t: 'matrix3d(0.3568,-0.9342,0,0,0,0,1,0,-0.9342,-0.3568,0,0,-36.7126,-14.023,0,1)', p: '80.02,50 34.99,76 34.99,24' },
  { t: 'matrix3d(-0.3568,0.9342,0,0,0,0,1,0,0.9342,0.3568,0,0,36.7126,14.023,0,1)', p: '80.02,50 34.99,76 34.99,24' },
  { t: 'matrix3d(0.3568,0.9342,0,0,0,0,-1,0,-0.9342,0.3568,0,0,-36.7126,14.023,0,1)', p: '80.02,50 34.99,24 34.99,76' },
];
const NUMS = [{ n: 20, r: 120 }, { n: 2, r: 60 }, { n: 3, r: -90 }, { n: 4, r: 173.7 }, { n: 5, r: 6.3 }, { n: 6, r: 90 }, { n: 7, r: -173.7 }, { n: 8, r: -6.3 }, { n: 19, r: 60 }, { n: 1, r: 120 }, { n: 15, r: -90 }, { n: 13, r: 6.3 }, { n: 14, r: 173.7 }, { n: 18, r: 90 }, { n: 16, r: -6.3 }, { n: 17, r: -173.7 }, { n: 9, r: 90 }, { n: 10, r: 90 }, { n: 11, r: -90 }, { n: 12, r: -90 }];

export default function D20Spinner({ size = 110, speed = 2, className = '' }) {
  const scale = size / 110; // geometry natural box ≈110px
  return (
    <span
      role="status"
      aria-label="Loading"
      className={`inline-block ${className}`}
      style={{ width: size, height: size, perspective: 600 }}
    >
      <style>{'@keyframes d20spin{from{transform:rotateX(0deg) rotateY(0)}to{transform:rotateX(0deg) rotateY(360deg)}}'}</style>
      <div
        className="motion-reduce:animate-none"
        style={{
          width: 110,
          height: 110,
          position: 'relative',
          transformStyle: 'preserve-3d',
          transform: `scale(${scale})`,
          transformOrigin: '55px 55px',
          animation: `d20spin ${speed}s linear infinite`,
        }}
      >
        {FACES.map((f, i) => (
          <svg
            key={i}
            width={100}
            height={100}
            viewBox="0 0 100 100"
            style={{
              position: 'absolute',
              left: '50%',
              top: '50%',
              marginLeft: -50,
              marginTop: -50,
              transform: f.t,
              backfaceVisibility: 'hidden',
              overflow: 'visible',
            }}
          >
            <polygon
              points={f.p}
              fill="var(--color-base, #241a12)"
              fillOpacity="0.96"
              stroke="var(--color-accent, #d4af37)"
              strokeWidth="3"
              strokeLinejoin="round"
            />
            <text
              x="50"
              y="50"
              textAnchor="middle"
              dominantBaseline="central"
              transform={`rotate(${NUMS[i].r} 50 50)`}
              fontFamily="Cinzel, serif"
              fontSize="16"
              fontWeight="600"
              fill="var(--color-accent, #d4af37)"
            >
              {NUMS[i].n}
            </text>
          </svg>
        ))}
      </div>
    </span>
  );
}
